4261,5
4262,5
4263,5
4264,5
4265,5
4266,5
4267,5
426151,3
426152,3
426153,7
426154,3
426155,3
426156,3
426157,3
426251,3
426252,3
426253,7
426254,3
426255,3
426256,3
426257,3
426351,7
426352,7
426353,7
426354,7
426355,7
426356,7
426357,5
426451,3
426452,3
426453,7
426454,3
426455,3
426456,3
426457,3
426551,4
426552,6
426553,4
426554,4
426555,4
426556,6
426557,4
426651,3
426652,3
426653,7
426654,3
426655,3
426656,3
426657,3
426751,3
426752,3
426753,5
426754,3
426755,3
426756,3
426757,3
42635751,4
42635752,5
42635753,5
42635754,5
42635755,4
42635756,5
42635757,4
42655141,4
42655142,4
42655143,3
42655144,6
42655145,4
42655146,4
42655147,4
42655261,4
42655262,4
42655263,4
42655264,6
42655265,6
42655266,4
42655267,4
42655341,3
42655342,4
42655343,4
42655344,3
42655345,3
42655346,4
42655347,3
42655441,5
42655442,5
42655443,5
42655444,5
42655445,6
42655446,6
42655447,5
42655541,4
42655542,4
42655543,3
42655544,6
42655545,4
42655546,4
42655547,4
42655661,4
42655662,4
42655663,3
42655664,4
42655665,4
42655666,4
42655667,4
42655741,4
42655742,4
42655743,3
42655744,6
42655745,4
42655746,4
42655747,4
42675351,4
42675352,5
42675353,5
42675354,5
42675355,4
42675356,5
42675357,4
