4521,5
4522,3
4523,3
4524,3
4525,3
4526,3
4527,3
452151,4
452152,4
452153,4
452154,5
452155,4
452156,4
452157,4
452231,3
452232,1
452233,1
452234,1
452235,1
452236,1
452237,1
452331,5
452332,2
452333,5
452334,4
452335,4
452336,4
452337,4
452431,3
452432,1
452433,1
452434,1
452435,1
452436,1
452437,1
452531,4
452532,1
452533,1
452534,1
452535,1
452536,1
452537,1
452631,3
452632,1
452633,1
452634,1
452635,1
452636,1
452637,1
452731,3
452732,1
452733,1
452734,1
452735,1
452736,1
452737,1
45215141,4
45215142,4
45215143,3
45215144,2
45215145,4
45215146,6
45215147,4
45215241,4
45215242,4
45215243,4
45215244,5
45215245,4
45215246,4
45215247,4
45215341,3
45215342,4
45215343,4
45215344,3
45215345,3
45215346,3
45215347,3
45215451,5
45215452,4
45215453,5
45215454,5
45215455,4
45215456,5
45215457,5
45215541,4
45215542,4
45215543,3
45215544,2
45215545,4
45215546,4
45215547,4
45215641,6
45215642,4
45215643,3
45215644,6
45215645,4
45215646,4
45215647,6
45215741,4
45215742,4
45215743,3
45215744,2
45215745,4
45215746,6
45215747,4
45223131,3
45223132,3
45223133,2
45223134,3
45223135,3
45223136,5
45223137,5
45233151,4
45233152,4
45233153,4
45233154,4
45233155,4
45233156,4
45233157,4
45233221,5
45233222,5
45233223,5
45233224,4
45233225,3
45233226,5
45233227,5
45233351,4
45233352,4
45233353,4
45233354,4
45233355,4
45233356,4
45233357,4
45233441,5
45233442,2
45233443,5
45233444,5
45233445,3
45233446,3
45233447,5
45233541,4
45233542,4
45233543,4
45233544,2
45233545,4
45233546,4
45233547,4
45233641,5
45233642,4
45233643,5
45233644,5
45233645,4
45233646,4
45233647,5
45233741,5
45233742,4
45233743,5
45233744,5
45233745,4
45233746,5
45233747,5
45243131,4
45243132,3
45243133,4
45243134,3
45243135,3
45243136,3
45243137,4
45253141,4
45253142,5
45253143,4
45253144,5
45253145,4
45253146,5
45253147,4
45263131,4
45263132,5
45263133,4
45263134,3
45263135,3
45263136,3
45263137,4
45273131,5
45273132,5
45273133,4
45273134,4
45273135,3
45273136,4
45273137,4
