4441,5
4442,5
4443,3
4444,5
4445,5
4446,5
4447,3
444151,3
444152,6
444153,3
444154,3
444155,3
444156,3
444157,3
444251,6
444252,6
444253,6
444254,6
444255,6
444256,5
444257,3
444331,2
444332,3
444333,2
444334,2
444335,2
444336,2
444337,2
444451,3
444452,6
444453,3
444454,3
444455,3
444456,3
444457,3
444551,6
444552,6
444553,6
444554,6
444555,6
444556,5
444557,6
444651,3
444652,5
444653,5
444654,3
444655,3
444656,3
444657,3
444731,5
444732,5
444733,5
444734,5
444735,5
444736,2
444737,5
44415131,6
44415132,6
44415133,6
44415134,6
44415135,6
44415136,2
44415137,6
44415261,3
44415262,3
44415263,7
44415264,3
44415265,3
44415266,3
44415267,3
44415331,3
44415332,3
44415333,5
44415334,3
44415335,3
44415336,5
44415337,5
44415431,6
44415432,6
44415433,6
44415434,6
44415435,6
44415436,2
44415437,6
44415531,6
44415532,6
44415533,6
44415534,6
44415535,6
44415536,2
44415537,6
44415631,2
44415632,5
44415633,2
44415634,2
44415635,2
44415636,2
44415637,2
44415731,6
44415732,6
44415733,6
44415734,6
44415735,6
44415736,2
44415737,6
44425161,3
44425162,3
44425163,7
44425164,3
44425165,3
44425166,3
44425167,3
44425261,3
44425262,3
44425263,7
44425264,3
44425265,3
44425266,3
44425267,3
44425361,7
44425362,7
44425363,7
44425364,7
44425365,7
44425366,7
44425367,5
44425461,3
44425462,3
44425463,7
44425464,3
44425465,3
44425466,3
44425467,3
44425561,3
44425562,3
44425563,7
44425564,3
44425565,3
44425566,3
44425567,3
44425651,5
44425652,5
44425653,5
44425654,5
44425655,6
44425656,5
44425657,5
44425731,6
44425732,6
44425733,6
44425734,6
44425735,6
44425736,5
44425737,6
44433121,3
44433122,2
44433123,4
44433124,3
44433125,5
44433126,3
44433127,3
44433231,3
44433232,2
44433233,6
44433234,3
44433235,3
44433236,3
44433237,3
44433321,4
44433322,2
44433323,4
44433324,2
44433325,5
44433326,2
44433327,4
44433421,3
44433422,2
44433423,2
44433424,5
44433425,5
44433426,3
44433427,3
44433521,5
44433522,2
44433523,5
44433524,5
44433525,3
44433526,3
44433527,5
44433621,3
44433622,2
44433623,2
44433624,3
44433625,3
44433626,3
44433627,3
44433721,3
44433722,2
44433723,4
44433724,3
44433725,5
44433726,3
44433727,3
44445131,6
44445132,6
44445133,6
44445134,6
44445135,6
44445136,2
44445137,6
44445261,3
44445262,3
44445263,7
44445264,3
44445265,3
44445266,3
44445267,3
44445331,3
44445332,3
44445333,5
44445334,2
44445335,3
44445336,2
44445337,2
44445431,6
44445432,6
44445433,6
44445434,6
44445435,6
44445436,2
44445437,6
44445531,6
44445532,6
44445533,6
44445534,6
44445535,6
44445536,2
44445537,6
44445631,2
44445632,5
44445633,2
44445634,2
44445635,2
44445636,2
44445637,2
44445731,6
44445732,6
44445733,6
44445734,6
44445735,6
44445736,2
44445737,6
44455161,5
44455162,5
44455163,5
44455164,5
44455165,4
44455166,6
44455167,5
44455261,5
44455262,5
44455263,5
44455264,5
44455265,6
44455266,6
44455267,5
44455361,5
44455362,5
44455363,5
44455364,3
44455365,3
44455366,6
44455367,5
44455461,5
44455462,5
44455463,3
44455464,3
44455465,6
44455466,6
44455467,5
44455561,4
44455562,6
44455563,3
44455564,6
44455565,4
44455566,6
44455567,4
44455651,5
44455652,5
44455653,5
44455654,5
44455655,2
44455656,6
44455657,5
44455761,5
44455762,5
44455763,5
44455764,5
44455765,4
44455766,6
44455767,5
44465131,2
44465132,5
44465133,2
44465134,2
44465135,2
44465136,2
44465137,2
44465251,5
44465252,5
44465253,5
44465254,5
44465255,6
44465256,5
44465257,5
44465351,5
44465352,5
44465353,5
44465354,5
44465355,3
44465356,5
44465357,5
44465431,2
44465432,5
44465433,2
44465434,2
44465435,2
44465436,2
44465437,2
44465531,2
44465532,3
44465533,2
44465534,2
44465535,2
44465536,2
44465537,2
44465631,2
44465632,5
44465633,2
44465634,2
44465635,2
44465636,2
44465637,2
44465731,2
44465732,5
44465733,2
44465734,2
44465735,2
44465736,2
44465737,2
44473151,6
44473152,6
44473153,6
44473154,6
44473155,6
44473156,2
44473157,6
44473251,6
44473252,6
44473253,6
44473254,6
44473255,6
44473256,5
44473257,6
44473351,6
44473352,6
44473353,6
44473354,6
44473355,6
44473356,2
44473357,6
44473451,6
44473452,6
44473453,6
44473454,6
44473455,6
44473456,2
44473457,6
44473551,3
44473552,3
44473553,5
44473554,5
44473555,3
44473556,5
44473557,5
44473621,5
44473622,5
44473623,5
44473624,5
44473625,1
44473626,5
44473627,5
44473751,6
44473752,6
44473753,6
44473754,6
44473755,6
44473756,2
44473757,6
