4141,4
4142,4
4143,4
4144,5
4145,4
4146,4
4147,4
414141,4
414142,4
414143,4
414144,5
414145,4
414146,4
414147,4
414241,4
414242,4
414243,4
414244,5
414245,4
414246,4
414247,4
414341,4
414342,4
414343,4
414344,3
414345,4
414346,4
414347,4
414451,3
414452,3
414453,3
414454,3
414455,3
414456,5
414457,3
414541,4
414542,4
414543,4
414544,5
414545,4
414546,4
414547,4
414641,4
414642,4
414643,4
414644,5
414645,4
414646,4
414647,4
414741,4
414742,4
414743,4
414744,5
414745,4
414746,4
414747,4
41414451,3
41414452,6
41414453,5
41414454,3
41414455,3
41414456,5
41414457,3
41424451,6
41424452,6
41424453,3
41424454,6
41424455,6
41424456,5
41424457,5
41434431,3
41434432,2
41434433,6
41434434,5
41434435,5
41434436,6
41434437,3
41445131,6
41445132,6
41445133,6
41445134,6
41445135,6
41445136,2
41445137,6
41445231,6
41445232,6
41445233,6
41445234,6
41445235,6
41445236,5
41445237,6
41445331,5
41445332,5
41445333,5
41445334,5
41445335,3
41445336,5
41445337,5
41445431,6
41445432,6
41445433,6
41445434,6
41445435,6
41445436,2
41445437,6
41445531,6
41445532,6
41445533,6
41445534,6
41445535,6
41445536,2
41445537,6
41445651,6
41445652,6
41445653,3
41445654,6
41445655,6
41445656,5
41445657,6
41445731,6
41445732,6
41445733,6
41445734,6
41445735,6
41445736,2
41445737,6
41454451,5
41454452,2
41454453,3
41454454,5
41454455,6
41454456,6
41454457,5
41464451,5
41464452,5
41464453,5
41464454,5
41464455,3
41464456,3
41464457,5
41474451,3
41474452,5
41474453,5
41474454,3
41474455,3
41474456,5
41474457,3
